var = 1
aic = 0.895065 0.796965 0.953940 0.825154 0.916079 0.804967 0.765404 0.784262 0.772923 0.767886 0.954834 (0.8342414, 0.05329634)
bic = 1.000086 1.000008 1.000008 1.000008 1.000008 1.000008 1.000008 1.000008 1.000008 1.000008 1.000008 (1.000008, 0)
--------------------------
var = 2
aic = 1.441567 1.338720 1.280022 1.385026 1.425296 1.395489 1.430515 1.679907 1.342107 1.376935 1.516715 (1.4170732, 0.112904553)
bic = 1.372535 1.327560 1.354735 1.362811 1.308928 1.435703 1.344463 1.422963 1.429350 1.402621 1.485496 (1.3874630, 0.028466061)
--------------------------
var = 2.25
aic = 2.773427 2.758301 3.337211 3.097552 3.311893 1.995181 3.147075 3.514448 3.077044 3.077044 (3.0089176, 1.63728396867)
bic = 1.671211 1.528641 1.583395 1.667563 1.535166 1.604523 1.529255 1.665726 1.532482 1.461025 (1.5778987, 0.0475403219141)
--------------------------
var = 3
aic = 4.605701 4.067683 3.408984 4.736731 4.973480 4.712021 3.800033 3.276734 5.534299 3.544652 (4.2660318, 5.13495092759)
bic = 2.167968 2.148302 2.109288 1.877606 2.237886 1.971344 1.961700 2.297756 2.209469 2.150398 (2.1131717, 0.163085814832)
---------------------------
var = 4
aic = 4.233615 5.967444 5.479211 5.887246 5.101383 4.679067 5.631388 5.739452 5.336716 6.317554 (5.4373076, 3.53580591582)
bic = 2.591050 2.501668 2.707723 2.868235 2.864006 3.040196 2.949690 3.034369 2.729288 3.102205 (2.838843, 0.36620021787)
---------------------------
var = 5
aic = 7.388251 9.524937 9.410660 8.604946 9.979355 8.219797 7.636802 7.780798 7.094377 10.116124 (8.5756047, 11.1866363276)
bic = 4.079342 3.976829 3.176132 3.586887 3.480987 3.849141 3.369418 3.935429 3.372153 3.612763  (3.6439081, 0.826318822335)
---------------------------
var = 6
aic = 8.103443 11.791375 9.958618 11.581968 11.775822 10.084831 7.817550 10.812414 10.161061 11.188025
bic = 4.188300 3.418722 3.776688 3.780294 4.188598 4.059790 4.237697 3.744415 4.687577 4.107621
---------------------------
